Code,Sale Amount,Revenue,Order ID
FF15,389.92,19.496000000000002,224495042
FF15,435.36,21.768,222485172
FF15,328.78,16.439,222080036
FF8,263.52,13.176,224519532
FF3,213.96,10.698,225386347
FF3,864.09,43.2045,225239168
FF3,465.09,23.2545,225224535
FF3,81.79,4.0895,225145105
FF3,345.31,17.2655,225062337
FF3,197.44,9.872,224809652
FF3,353.57,17.6785,224781854
FF3,228.84,11.442,224772812
FF3,164.39,8.2195,224761519
FF3,427.91,21.395500000000002,224591032
FF3,386.6,19.330000000000002,224567650
FF3,222.21,11.110500000000002,223858157
FF3,304.83,15.2415,223546160
FF3,222.21,11.110500000000002,223519174
FF3,279.21,13.9605,223335753
FF3,268.06,13.403,223146332
FF3,318.04,15.902000000000001,223116984
FF3,304.83,15.2415,223062100
FF3,205.69,10.284500000000001,222593679
FF3,386.61,19.3305,222236933
FF3,270.84,13.542,222087517
FF3,370.91,18.5455,222049194
FF3,197.44,9.872,221820298
FF9,197.44,9.872,225330003
FF9,164.39,8.2195,225215508
FF9,164.39,8.2195,225146600
FF9,370.08,18.504,224946958
FF9,263.52,13.176,224910316
FF9,482.43,24.1215,224746681
FF9,205.69,10.284500000000001,224746249
FF9,362.65,18.1325,224633618
FF9,205.69,10.284500000000001,224616030
FF9,441.13,22.0565,224561340
FF9,205.69,10.284500000000001,224504364
FF9,370.91,18.5455,224494805
FF9,570.0,28.5,224410853
FF9,370.91,18.5455,224381919
FF9,197.44,9.872,223653320
FF9,2312.21,115.6105,223598430
FF9,351.09,17.5545,223553483
FF9,263.52,13.176,223215370
FF9,444.43,22.221500000000002,223180129
FF9,222.21,11.110500000000002,223134572
FF9,73.52,3.676,223078742
FF9,809.56,40.478,222921608
FF9,688.95,34.447500000000005,222848798
FF9,341.17,17.058500000000002,222832738
FF9,367.19,18.3595,222654608
FF9,326.31,16.3155,222641494
FF9,297.39,14.8695,222611385
FF9,304.0,15.200000000000001,222364597
FF9,243.69,12.1845,222364495
FF9,453.94,22.697000000000003,222256215
FF9,551.83,27.591500000000003,222158866
FF9,419.65,20.9825,221955330
FF9,304.83,15.2415,221946236
FF9,122.26,6.113,221742545
FF9,370.09,18.5045,221633226
FF33,476.66,23.833000000000002,225062984
FF33,453.94,22.697000000000003,224603090
FF33,196.61,9.8305,224545531
FF55,164.39,8.2195,225338036
FF55,1492.73,74.6365,225264622
FF55,205.69,10.284500000000001,225154222
FF55,288.31,14.415500000000002,225004161
FF55,127.2,6.36,224909208
FF55,197.44,9.872,224764859
FF55,435.35,21.767500000000002,224758701
FF55,205.69,10.284500000000001,224671526
FF55,271.79,13.589500000000001,224523163
FF55,345.31,17.2655,224390516
FF55,1153.21,57.660500000000006,224303067
FF55,527.87,26.393500000000003,224149117
FF55,378.35,18.9175,224100835
FF55,361.82,18.091,224050690
FF55,703.83,35.191500000000005,224037528
FF55,475.83,23.7915,224028428
FF55,523.74,26.187,224008386
FF55,378.35,18.9175,223900984
FF55,304.83,15.2415,223859858
FF55,288.31,14.415500000000002,223763367
FF55,147.87,7.3935,223728598
FF55,160.67,8.0335,223724801
FF55,484.92,24.246000000000002,223721576
FF55,247.0,12.350000000000001,223716727
FF55,304.83,15.2415,223546394
FF55,1187.08,59.354,223526613
FF55,365.96,18.298,223298923
FF55,353.56,17.678,223288373
FF55,353.57,17.6785,223274775
FF55,837.69,41.8845,223232424
FF55,329.61,16.480500000000003,223208457
FF55,370.91,18.5455,223206266
FF55,361.83,18.0915,223200080
FF55,226.35,11.3175,223178136
DALC,263.52,13.176,225380402
DALC,370.91,18.5455,225261420
DALC,288.31,14.415500000000002,225209107
DALC,229.69,11.4845,225157256
DALC,1485.3,74.265,224815041
DALC,362.65,18.1325,224750105
DALC,123.09,6.1545000000000005,224731061
DALC,2618.95,130.9475,224706416
DALC,370.91,18.5455,224528111
DALC,304.83,15.2415,224444360
DALC,205.69,10.284500000000001,224422036
DALC,161.08,8.054,224178385
DALC,1238.31,61.9155,224070533
DALC,205.69,10.284500000000001,223829165
DALC,809.56,40.478,223824175
DALC,259.39,12.9695,223775583
DALC,560.08,28.004000000000005,223493612
FF14,288.31,14.415500000000002,225217666
FF14,318.04,15.902000000000001,225139274
FF14,1065.23,53.261500000000005,224432129
FF14,510.53,25.5265,223252933
FF2,263.52,13.176,224833674
FF2,809.56,40.478,224286346
FF2,370.91,18.5455,223972619
FF2,164.39,8.2195,221861323
FF45,410.98,20.549000000000003,224660560
FF1,205.69,10.284500000000001,225352102
FF1,1992.5,99.625,222758642
FF11,205.69,10.284500000000001,225369226
FF11,1320.91,66.0455,225272519
FF11,370.91,18.5455,225097466
FF11,101.6,5.08,225088395
FF11,484.1,24.205000000000002,225035684
FF11,263.52,13.176,224995914
FF11,370.91,18.5455,224763827
FF11,592.3,29.615,224380998
FF11,205.69,10.284500000000001,224326367
FF11,205.69,10.284500000000001,224109443
FF11,197.44,9.872,223862769
FF11,775.7,38.785000000000004,223795224
FF11,515.9,25.795,223748790
FF11,263.52,13.176,223567799
FF11,715.4,35.77,223382373
FF11,263.52,13.176,223368094
FF11,625.34,31.267000000000003,223302737
FF11,263.52,13.176,223126710
FF11,1462.98,73.149,222751854
FF11,370.91,18.5455,222606413
FF11,253.61,12.680500000000002,222510069
FF11,352.73,17.6365,222503557
FF11,122.26,6.113,222217241
FF11,346.13,17.3065,222097498
FF11,318.04,15.902000000000001,222068928
DHA,318.04,15.902000000000001,225368751
DHA,395.69,19.7845,225311399
DHA,370.09,18.5045,225259201
DHA,312.26,15.613,225206975
DHA,223.02,11.151000000000002,225195076
DHA,222.21,11.110500000000002,225192177
DHA,535.31,26.7655,225174507
DHA,197.44,9.872,225118996
DHA,304.83,15.2415,225073793
DHA,317.21,15.8605,225073324
DHA,197.44,9.872,225051275
DHA,318.04,15.902000000000001,225051220
DHA,370.91,18.5455,225050814
DHA,657.56,32.878,224989809
DHA,189.17,9.458499999999999,224911376
DHA,263.52,13.176,224906215
DHA,205.69,10.284500000000001,224893768
DHA,328.79,16.439500000000002,224868063
DHA,288.31,14.415500000000002,224855134
DHA,197.44,9.872,224838308
DHA,362.65,18.1325,224812147
DHA,318.04,15.902000000000001,224780437
DHA,205.69,10.284500000000001,224755385
DHA,288.31,14.415500000000002,224736751
DHA,396.52,19.826,224720244
DHA,411.39,20.5695,224716357
DHA,498.13,24.9065,224704344
DHA,288.31,14.415500000000002,224701449
DHA,288.31,14.415500000000002,224694544
DHA,370.91,18.5455,224691061
DHA,304.83,15.2415,224664861
DHA,375.04,18.752000000000002,224624377
DHA,205.69,10.284500000000001,224584198
DHA,375.04,18.752000000000002,224572787
DHA,197.44,9.872,224544464
DHA,350.26,17.513,224506287
DHA,253.6,12.68,224485447
DHA,263.52,13.176,224482879
DHA,164.39,8.2195,224453820
DHA,370.91,18.5455,224429478
DHA,581.56,29.078,224415147
DHA,180.91,9.0455,224395004
DHA,205.69,10.284500000000001,224374901
DHA,469.2,23.46,224344762
DHA,469.62,23.481,224331468
DHA,384.95,19.247500000000002,224171048
DHA,380.0,19.0,224039986
DEV,213.96,10.698,224821788
DEV,324.66,16.233,224467359
DEV,399.86,19.993000000000002,224311170
FF22,23.12,1.1560000000000001,225096278
FF22,360.17,18.0085,225085390
FF22,205.69,10.284500000000001,225071376
FF22,318.04,15.902000000000001,225047081
FF22,328.78,16.439,225008004
FF22,394.88,19.744,224862748
FF22,522.92,26.146,224753534
FF22,634.43,31.7215,224472375
FF22,328.78,16.439,224435351
FF22,229.65,11.482500000000002,224283423
FF22,113.99,5.6995000000000005,224241849
FF22,222.21,11.110500000000002,224030181
FF22,452.69,22.634500000000003,223980563
FF22,567.53,28.3765,223779309
FF22,197.44,9.872,223778424
FF22,361.82,18.091,223747998
FF22,288.31,14.415500000000002,223664877
FF22,147.87,7.3935,223479462
FF22,197.44,9.872,223450633
FF22,294.08,14.704,223440975
FF22,1313.47,65.6735,223424159
FF22,262.69,13.134500000000001,222958401
FF22,268.06,13.403,222946181
FF22,318.04,15.902000000000001,222944190
FF22,370.91,18.5455,222881542
FF22,419.63,20.9815,222852732
FF22,212.31,10.6155,222772933
FF22,370.91,18.5455,222727848
FF22,551.01,27.5505,222713747
FF22,449.39,22.4695,222668568
FF22,226.76,11.338000000000001,222664847
FF22,633.6,31.680000000000003,222578417
FF22,725.72,36.286,222571482
FF22,123.5,6.175000000000001,222554465
FF22,318.04,15.902000000000001,222490126
FF22,187.52,9.376000000000001,222441418
FF22,247.0,12.350000000000001,222398317
FF22,370.91,18.5455,222385067
FF22,342.0,17.1,222379589
FF22,567.52,28.376,222368530
FF22,337.04,16.852,222218474
FF22,329.61,16.480500000000003,222197628
FF22,81.79,4.0895,222180733
FF22,309.79,15.489500000000001,222163107
FF22,411.4,20.57,222121089
FF22,271.79,13.589500000000001,222117130
FF22,740.16,37.008,221997526
FF22,260.21,13.0105,221621420
WALA2025,1837.22,91.861,225341745
WALA2025,197.44,9.872,225118875
WALA2025,741.82,37.091,225115965
WALA2025,288.31,14.415500000000002,225088511
WALA2025,288.31,14.415500000000002,225034095
WALA2025,2666.6,133.33,224740053
WALA2025,286.64,14.332,224517248
WALA2025,495.23,24.7615,224478483
WALA2025,411.39,20.5695,224230134
WALA2025,268.06,13.403,224142928
WALA2025,1822.58,91.129,224075977
WALA2025,180.91,9.0455,224036121
WALA2025,370.91,18.5455,224008574
WALA2025,370.91,18.5455,223828154
WALA2025,502.26,25.113,223743405
WALA2025,180.91,9.0455,223743128
WALA2025,309.79,15.489500000000001,223309208
WALA2025,197.44,9.872,223139443
WALA2025,205.69,10.284500000000001,222971135
WALA2025,304.83,15.2415,222772794
WALA2025,622.87,31.143500000000003,222384191
FF5,395.69,19.7845,222215043
DCK,392.41,19.620500000000003,224232569
DCK,222.21,11.110500000000002,223961227
DCK,1031.79,51.5895,223921336
DCK,449.39,22.4695,223748479
DCK,221.4,11.07,223734923
DCK,280.04,14.002000000000002,223714580
DCK,164.39,8.2195,223684755
DCK,649.31,32.4655,223577454
FF4,410.56,20.528000000000002,225326487
FF4,205.69,10.284500000000001,225311906
FF4,167.69,8.384500000000001,225021499
FF4,1065.65,53.282500000000006,224996614
FF4,247.0,12.350000000000001,224980753
FF4,370.91,18.5455,224771891
FF4,453.94,22.697000000000003,224771557
FF4,465.91,23.295500000000004,224742980
FF4,941.73,47.0865,224699526
FF4,452.68,22.634,224686303
FF4,809.56,40.478,224574104
FF4,160.18,8.009,224473706
FF4,370.91,18.5455,224444813
FF4,362.65,18.1325,224123995
FF4,606.35,30.317500000000003,224100113
FF4,164.39,8.2195,223931576
FF4,212.3,10.615000000000002,223868594
FF4,304.83,15.2415,223832958
FF4,197.44,9.872,223818559
FF4,139.65,6.982500000000001,223333285
FF4,478.31,23.9155,223277553
FF50,197.44,9.872,223982313
BCARE,5364.63,268.23150000000004,219586699
FF46,766.74,38.337,224877943
FF60,180.5,9.025,225272128
FF61,451.05,22.552500000000002,225211692
