Code,Sale Amount,Revenue,Order ID
FF22,260.21,13.0105,221621420
FF9,370.09,18.5045,221633226
FF9,122.26,6.113,221742545
FF3,197.44,9.872,221820298
FF2,164.39,8.2195,221861323
FF9,304.83,15.2415,221946236
FF9,419.65,20.9825,221955330
FF22,318.04,15.902,221982194
FF22,740.16,37.008,221997526
FF3,370.91,18.5455,222049194
FF11,318.04,15.902,222068928
FF15,328.78,16.439,222080036
FF3,270.84,13.542,222087517
FF11,346.13,17.3065,222097498
FF22,271.79,13.5895,222117130
FF22,411.4,20.57,222121089
FF9,551.83,27.5915,222158866
FF22,309.79,15.4895,222163107
FF22,81.79,4.0895,222180733
FF22,329.61,16.4805,222197628
FF55,395.69,19.7845,222215043
FF5,395.69,19.7845,222215043
FF11,122.26,6.113,222217241
FF22,337.04,16.852,222218474
FF3,386.61,19.3305,222236933
FF9,453.94,22.697,222256215
FF9,243.69,12.1845,222364495
FF9,304.0,15.2,222364597
FF22,567.52,28.376,222368530
FF22,342.0,17.1,222379589
Wala2025,622.87,31.1435,222384191
FF22,370.91,18.5455,222385067
FF22,247.0,12.35,222398317
FF22,187.52,9.376,222441418
FF15,435.36,21.768,222485172
FF22,318.04,15.902,222490126
FF11,352.73,17.6365,222503557
FF11,253.61,12.6805,222510069
FF22,123.5,6.175,222554465
FF22,725.72,36.286,222571482
FF22,633.6,31.68,222578417
FF3,205.69,10.2845,222593679
FF11,370.91,18.5455,222606413
FF9,297.39,14.8695,222611385
FF9,326.31,16.3155,222641494
FF9,367.19,18.3595,222654608
FF22,226.76,11.338,222664847
FF22,449.39,22.4695,222668568
FF22,551.01,27.5505,222713747
FF22,370.91,18.5455,222727848
FF11,1462.98,73.149,222751854
FF1,1992.5,99.625,222758642
Wala2025,304.83,15.2415,222772794
FF22,212.31,10.6155,222772933
FF9,341.17,17.0585,222832738
FF9,688.95,34.4475,222848798
FF22,419.63,20.9815,222852732
FF22,370.91,18.5455,222881542
FF9,809.56,40.478,222921608
FF22,318.04,15.902,222944190
FF22,268.06,13.403,222946181
FF22,262.69,13.1345,222958401
Wala2025,205.89,10.2945,222971135
FF3,304.83,15.2415,223062100
FF9,73.52,3.676,223078742
FF9,73.52,3.676,223078742
FF3,318.04,15.902,223116984
FF11,263.52,13.176,223126710
FF9,222.21,11.1105,223134572
FF9,222.21,11.1105,223134572
Wala2025,197.44,9.872,223139443
FF3,268.06,13.403,223146332
FF55,226.35,11.3175,223178136
FF9,444.43,22.2215,223180129
FF9,444.43,22.2215,223180129
FF55,361.83,18.0915,223200080
FF55,370.91,18.5455,223206266
FF55,329.61,16.4805,223208457
FF9,263.53,13.1765,223215370
FF55,837.69,41.8845,223232424
FF14,510.53,25.5265,223252933
FF55,353.57,17.6785,223274775
FF4,23.92,1.196,223277553
FF55,365.56,18.278,223288373
FF55,365.96,18.298,223298923
FF11,625.34,31.267,223302737
Wala2025,309.79,15.4895,223309208
FF4,139.65,6.9825,223333285
FF33,279.21,13.9605,223335753
FF3,279.21,13.9605,223335753
FF11,263.52,13.176,223368094
FF11,715.4,35.77,223382373
FF22,1313.47,65.6735,223424159
FF22,294.08,14.704,223440975
FF22,197.44,9.872,223450633
FF22,147.87,7.3935,223479462
DALC,560.08,28.004,223493612
FF3,222.21,11.1105,223519174
FF55,1187.08,59.354,223526613
FF3,304.83,15.2415,223546160
FF55,304.83,15.2415,223546394
FF9,351.09,17.5545,223553483
FF11,263.52,13.176,223567799
DCK,649.31,32.4655,223577454
FF9,2312.21,115.6105,223598430
FF9,197.44,9.872,223653320
FF22,288.31,14.4155,223664877
DCK,164.39,8.2195,223684755
DCK,280.04,14.002,223714580
FF55,247.0,12.35,223716727
FF55,484.92,24.246,223721576
FF55,160.67,8.0335,223724801
FF55,147.87,7.3935,223728598
DCK,221.4,11.07,223734923
Wala2025,180.91,9.0455,223743128
Wala2025,502.26,25.113,223743405
FF22,361.82,18.091,223747998
DCK,449.39,22.4695,223748479
FF11,515.9,25.795,223748790
FF55,288.31,14.4155,223763367
DALC,259.93,12.9965,223775583
FF22,197.44,9.872,223778424
FF22,567.53,28.3765,223779309
FF11,775.7,38.785,223795224
FF4,197.44,9.872,223818559
DALC,809.56,40.478,223824175
Wala2025,370.91,18.5455,223828154
DALC,205.69,10.2845,223829165
FF4,304.83,15.2415,223832958
FF3,222.21,11.1105,223858157
FF55,304.83,15.2415,223859858
FF11,197.44,9.872,223862769
FF4,212.3,10.615,223868594
FF55,378.35,18.9175,223900984
DCK,1031.79,51.5895,223921336
FF4,164.39,8.2195,223931576
DCK,222.21,11.1105,223961227
FF2,370.91,18.5455,223972619
FF22,370.09,18.5045,223980563
FF50,197.44,9.872,223982313
FF55,523.74,26.187,224008386
Wala2025,370.91,18.5455,224008574
FF55,475.83,23.7915,224028428
FF22,222.21,11.1105,224030181
Wala2025,180.91,9.0455,224036121
FF55,703.83,35.1915,224037528
DHA,380.0,19.0,224039986
FF55,361.82,18.091,224050690
FF55,378.35,18.9175,224100835
FF55,527.87,26.3935,224149117
DALC,1238.31,61.9155,224070533
DALC,161.08,8.054,224178385
FF11,205.69,10.2845,224109443
DHA,384.95,19.2475,224171048
Wala2025,1822.58,91.129,224075977
Wala2025,268.06,13.403,224142928
FF4,606.35,30.3175,224100113
FF4,362.65,18.1325,224123995
FF55,1153.21,57.6605,224303067
FF2,809.56,40.478,224286346
FF11,205.69,10.2845,224326367
DHA,469.62,23.481,224331468
DHA,462.2,23.11,224344762
DEV,399.86,19.993,224311170
FF22,113.99,5.6995,224241849
FF22,229.65,11.4825,224283423
Wala2025,411.39,20.5695,224230134
DCK,392.41,19.6205,224232569
FF15,389.92,19.496,224495042
FF9,205.69,10.2845,224504364
FF9,370.91,18.5455,224494805
FF9,570.0,28.5,224410853
FF9,370.91,18.5455,224381919
FF55,345.31,17.2655,224390516
FF55,1153.21,57.6605,224303067
DALC,304.83,15.2415,224444360
DALC,205.69,10.2845,224422036
FF14,1065.23,53.2615,224432129
FF2,809.56,40.478,224286346
FF11,592.3,29.615,224380998
FF11,205.69,10.2845,224326367
DHA,350.26,17.513,224506287
DHA,253.6,12.68,224485447
DHA,263.52,13.176,224482879
DHA,164.39,8.2195,224453820
DHA,370.91,18.5455,224429478
DHA,581.56,29.078,224415147
DHA,180.91,9.0455,224395004
DHA,205.69,10.2845,224374901
DHA,469.2,23.46,224344762
DHA,469.62,23.481,224331468
DEV,324.66,16.233,224467359
DEV,399.86,19.993,224311170
FF22,634.43,31.7215,224472375
FF22,328.78,16.439,224435351
FF22,229.65,11.4825,224283423
FF22,113.99,5.6995,224241849
Wala2025,495.23,24.7615,224478483
Wala2025,411.39,20.5695,224230134
DCK,392.41,19.6205,224232569
FF4,163.4,8.17,224473706
FF4,370.91,18.5455,224444813
Bcare,5364.63,268.2315,219586699
FF8,205.69,10.2845,224519532
FF3,427.91,21.3955,224591032
FF3,386.6,19.33,224567650
FF9,362.65,18.1325,224633618
FF9,205.69,10.2845,224616030
FF9,523.73,26.1865,224561340
FF33,453.94,22.697,224603090
FF33,196.61,9.8305,224545531
FF55,271.79,13.5895,224523163
DALC,673.27,33.6635,224634753
DALC,370.91,18.5455,224528111
DHA,375.04,18.752,224624377
DHA,205.69,10.2845,224584198
DHA,375.04,18.752,224572787
DHA,197.44,9.872,224544464
WALA2025,286.64,14.332,224517248
FF4,809.56,40.478,224574104
FF15,257.72,12.886000000000005,224908045
FF3,345.31,17.2655,225062337
FF3,197.44,9.872,224809652
FF3,228.84,11.442,224772812
FF3,164.39,8.2195,224761519
FF9,370.08,18.504,224946958
FF9,263.52,13.176,224910316
FF9,482.43,24.1215,224746681
FF9,205.69,10.2845,224746249
FF33,476.66,23.833,225062984
FF55,288.31,14.415500000000002,225004161
FF55,127.2,6.36,224909208
FF55,197.44,9.872,224764859
FF55,435.35,21.7675,224758701
FF55,205.69,10.2845,224671526
DALC,1485.3,74.265,224815041
DALC,362.65,18.1325,224750105
DALC,123.09,6.1545000000000005,224731061
DALC,2618.95,130.9475,224706416
FF2,263.52,13.176,224833674
FF45,410.98,20.549000000000003,224660560
FF11,101.6,5.08,225088395
FF11,484.1,24.205,225035684
FF11,263.52,13.176,224995914
FF11,370.91,18.5455,224763827
DHA,304.83,15.2415,225073793
DHA,317.21,15.8605,225073324
DHA,197.44,9.872,225051275
DHA,318.04,15.902,225051220
DHA,370.91,18.5455,225050814
DHA,657.56,32.878,224989809
DHA,189.17,9.4585,224911376
DHA,263.52,13.176,224906215
DHA,205.69,10.2845,224893768
DHA,328.79,16.439500000000002,224868063
DHA,288.31,14.415500000000002,224855134
DHA,197.44,9.872,224838308
DHA,362.65,18.1325,224812147
DHA,318.04,15.902,224780437
DHA,205.69,10.2845,224755385
DHA,288.31,14.415500000000002,224736751
DHA,396.52,19.826,224720244
DHA,411.39,20.5695,224716357
DHA,498.13,24.9065,224704344
DHA,288.31,14.415500000000002,224701449
DHA,288.31,14.415500000000002,224694544
DHA,370.91,18.5455,224691061
DHA,304.83,15.2415,224664861
DEV,213.96,10.698,224821788
FF22,360.17,18.0085,225085390
FF22,205.69,10.2845,225071376
FF22,318.04,15.902,225047081
FF22,328.78,16.439,225008004
FF22,394.88,19.744,224862748
FF22,522.92,26.146,224753534
WALA2025,288.31,14.415500000000002,225088511
WALA2025,288.31,14.415500000000002,225034095
WALA2025,2666.6,133.33,224740053
FF4,167.69,8.384500000000001,225021499
FF4,1065.65,53.282500000000006,224996614
FF4,247.0,12.35,224980753
FF4,370.91,18.5455,224771891
FF4,453.94,22.697000000000003,224771557
FF4,465.91,23.295500000000004,224742980
FF4,941.73,47.0865,224699526
FF4,452.68,22.634,224686303
FF46,766.74,38.337,224877943
FF8,97.14933333333332,4.857466666666667,225200714
FF3,230.424,11.5212,225239168
FF3,124.024,6.2012,225224535
FF3,21.81066666666667,1.0905333333333334,225145105
FF9,43.837333333333326,2.191866666666667,225215508
FF9,43.837333333333326,2.191866666666667,225146600
FF55,54.85066666666667,2.7425333333333337,225154222
DALC,76.88266666666667,3.8441333333333336,225209107
DALC,61.25066666666667,3.0625333333333336,225157256
FF14,76.88266666666667,3.8441333333333336,225217666
FF14,84.81066666666668,4.2405333333333335,225139274
FF11,98.90933333333334,4.9454666666666665,225097466
DHA,83.26933333333334,4.163466666666666,225206975
DHA,59.472,2.9736,225195076
DHA,59.256,2.9628000000000005,225192177
DHA,142.7493333333333,7.137466666666667,225174507
DHA,52.650666666666666,2.6325333333333334,225118996
FF22,6.165333333333334,0.3082666666666667,225096278
WALA2025,52.650666666666666,2.6325333333333334,225118875
WALA2025,197.81866666666667,9.890933333333331,225115965
FF61,120.28,6.014,225211692
FF3,94.28533333333333,4.714266666666666,224781854
